-0.11	-0.122
0.31	0.932
0.32	6.226
0.27	0.423
0.20	1.653
0.26	1.164
0.03	4.488
0.26	0.09
0.30	-0.275
0.18	-0.003
-0.03	-0.145
0.03	-0.198
-0.88	-5.388
-0.45	1.005
-1.27	-2.758
-1.73	-1.142
0.23	1.874
0.27	-2.427
0.28	2.819
0.21	-0.003
-0.24	-0.011
0.10	-0.037
0.07	-0.029
0.06	-0.042
0.25	-0.019
0.05	-0.087
0.43	0.02
0.56	5.77
1.50	3.67
0.11	-0.30
-0.34	-0.03
0.56	0.49
0.66	0.11
1.70	-0.85
2.45	3.75
0.32	1.00
0.50	4.83
0.71	1.61
0.09	-0.71
1.72	4.12
0.19	0.02
0.02	0.13
-0.01	-0.09
0.04	-0.06
-0.11	-0.06
-0.10	-1.07
0.35	0.26
0.00	-0.10
0.55	2.60
0.65	-2.13
0.41	0.00
0.24	0.00
0.90	-0.08
1.02	-0.08
1.24	1.28
5.08	-2.69
2.02	5.09
1.86	4.72
1.79	2.38
0.96	1.22
2.36	4.08
0.00	0.04
0.24	0.00
0.00	-0.03
0.24	-0.02
0.00	-0.03
0.00	2.53
0.41	0.00
0.21	-0.08
0.64	1.89
2.33	1.92
1.01	0.92
1.90	-0.02
1.50	0.25
2.22	0.24
0.23	-1.29
2.32	0.88
0.51	5.10
0.28	2.10
0.17	0.94
0.72	0.74
0.97	1.57
0.42	-0.02
0.47	0.29
0.77	2.43
0.28	1.95
0.32	2.53
0.40	2.76
0.66	0.24
-0.13	-0.11
0.33	3.53
2.15	0.48
0.60	0.05
1.48	-0.27
1.27	0.41
2.36	-0.03
0.28	2.94
3.75	4.16
0.72	3.39
0.04	0.90
0.30	-0.18
0.20	1.74
0.33	0.77
0.00	0.09
0.11	-0.06
0.68	3.68
0.86	3.70
0.60	3.67
0.25	2.58
0.55	0.00
0.00	-0.14
0.17	2.46
0.58	2.95
0.30	-0.12
0.30	-0.04
0.41	0.30
1.00	0.22
0.17	0.07
0.41	-5.20
0.17	-0.25
0.00	1.60
0.51	0.64
0.17	0.88
0.72	1.23
0.17	-0.05
0.51	0.28
0.41	2.22
0.77	0.83
0.17	1.28
0.17	2.50
0.30	0.24
-0.13	-0.486
0.00	-0.029
-0.11	0.653
-0.15	-4.399
1.58	3.052
0.40	2.535
-0.08	0.01
-0.44	-0.938
-0.17	-0.04
-0.11	-1.256
1.35	1.712
0.29	-0.221
0.05	0.014
