axitinib
M244V	690	-0.11	0.05	0.41	-0.20	0.41	0.08	0.41	-0.02	0.13	0.24
L248R	1393	0.31	2.65	0.44	1.79	0.43	2.27	0.44	2.24	0.35	0.25
L248V	1399	0.32	-0.73	0.42	-0.51	0.42	-0.55	0.41	-0.60	0.10	0.24
G250E	1295	0.27	-0.26	0.41	0.00	0.41	-0.40	0.41	-0.22	0.17	0.24
Q252H	1155	0.20	-0.14	0.42	0.41	0.42	0.00	0.43	0.09	0.23	0.24
Y253F	1275	0.26	1.27	0.43	1.35	0.42	0.46	0.45	1.03	0.40	0.25
Y253H	867	0.03	1.09	0.46	1.53	0.45	1.28	0.48	1.30	0.18	0.27
E255K	1282	0.26	0.71	0.43	1.09	0.43	0.31	0.44	0.70	0.32	0.25
E255V	1350	0.30	0.78	0.42	0.84	0.42	0.04	0.42	0.55	0.36	0.24
D276G	1105	0.18	-0.18	0.42	0.01	0.43	0.18	0.42	0.00	0.15	0.24
E279K	778	-0.03	-0.20	0.43	-0.43	0.42	-0.24	0.43	-0.29	0.10	0.25
E292L	863	0.03	-0.44	0.42	-0.04	0.42	0.65	0.42	0.06	0.45	0.24
V299L	188	-0.88	-1.66	0.41	-1.68	0.42	-1.48	0.42	-1.61	0.09	0.24
F311L											
T315A	389	-0.45	0.99	0.43	0.19	0.43	0.52	0.48	0.57	0.33	0.26
T315I	98	-1.27	-0.23	0.44	-0.38	0.43	-0.52	0.47	-0.38	0.12	0.26
T315V	45	-1.73	-1.99	0.41	-1.54	0.44	-1.80	0.43	-1.78	0.18	0.25
F317C 											
F317I 											
F317L	1220	0.23	0.18	0.41	-0.30	0.41	-0.23	0.41	-0.12	0.21	0.24
F317R	1286	0.27	1.62	0.46	2.40	0.46	2.17	0.45	2.06	0.33	0.24
F317V	1320	0.28	0.65	0.41	0.45	0.42	0.53	0.41	0.54	0.08	0.24
M343T	1175	0.21	-0.24	0.43	0.02	0.49	0.11	0.49	-0.04	0.15	0.27
M351T	553	-0.24	-0.22	0.41	-0.50	0.41	0.01	0.41	-0.24	0.21	0.24
E355A 											
E355G											
F359C 											
F359I	975	0.10	1.60	0.41	1.06	0.41	0.65	0.41	1.10	0.39	0.24
F359V	933	0.07	1.20	0.42	0.68	0.43	0.67	0.42	0.85	0.25	0.24
V379I											
L384M	916	0.06	0.01	0.41	0.02	0.41	-0.39	0.41	-0.12	0.19	0.24
L387M											
H396R	1247	0.25	0.14	0.42	0.50	0.43	-0.20	0.42	0.15	0.29	0.24
F486S	897	0.05	0.28	0.47	-0.70	0.49	-0.28	0.46	-0.23	0.40	0.27
E459K 											

bosutinib...
M244V	147	0.43	-0.28	0.41	-0.11	0.41	-0.08	0.41
L248R	874	1.50	1.00	0.43	1.63	0.43	1.33	0.43
L248V	182	0.56	0.37	0.41	0.72	0.42	0.38	0.42
G250E	85	0.11	0.28	0.43	0.63	0.43	-1.07	0.43
Q252H								
Y253F	40	-0.34	0.21	0.45	0.02	0.43	0.95	0.43
Y253H								
E255K	181	0.56	-1.01	0.43	-1.30	0.43	-1.01	0.43
E255V	214	0.66	-0.47	0.42	-0.51	0.43	-0.91	0.43
D276G								
E279K								
E292L								
V299L	1228	1.70	0.97	0.43	0.90	0.42	0.85	0.42
F311L								
T315A	122	0.32	-1.61	0.41	-1.61	0.41	-1.97	0.41
T315I	4338	2.45	-2.32	0.43	-2.21	0.42	-1.26	0.42
T315V								
F317C 	165	0.50	1.04	0.41	1.27	0.41	1.22	0.42
F317I 	232	0.71	0.16	0.41	0.07	0.42	0.02	0.41
F317L	82	0.09	0.05	0.41	0.47	0.41	0.24	0.41
F317R								
F317V	1280	1.72	1.98	0.42	1.50	0.42	2.25	0.42
M343T								
M351T	97	0.19	0.36	0.42	0.82	0.41	0.71	0.41
E355A 	74	0.02	-0.20	0.44	0.13	0.43	0.27	0.43
E355G								
F359C 	70	-0.01	3.02	0.42	2.51	0.42	1.97	0.43
F359I	76	0.04	0.66	0.41	1.74	0.41	1.43	0.42
F359V	59	-0.11	0.98	0.43	1.69	0.41	1.91	0.42
V379I								
L384M								
L387M								
H396R	60	-0.10	0.62	0.42	-0.07	0.42	-0.93	0.43
F486S								
E459K 	127	0.35	-0.69	0.42	0.23	0.42	-0.54	0.42


dasatinib (INCL T315I)
M244V	2	0.00	0.05	0.41	-0.37	0.41	-0.43	0.41
L248R	6	0.65	1.40	0.42	1.50	0.43	1.51	0.42
L248V	5	0.55	0.58	0.42	0.70	0.41	0.79	0.41
G250E	4	0.41	-0.54	0.43	-0.31	0.43	0.01	0.44
Q252H								
Y253F	3	0.24	-0.21	0.43	-0.24	0.43	-0.03	0.44
Y253H								
E255K	9	0.90	-0.30	0.43	-0.17	0.44	-1.05	0.43
E255V	11	1.02	0.06	0.42	-0.80	0.42	-0.12	0.42
D276G								
E279K								
E292L								
V299L	16	1.24	0.83	0.41	0.36	0.42	0.77	0.42
F311L								
T315A	59	2.02	-1.74	0.41	-1.65	0.41	-1.23	0.41
T315I	10000	5.08	5.63	0.43	4.69	0.44	5.50	0.43
T315V								
F317C 	45	1.86	2.63	0.42	2.32	0.42	2.62	0.41
F317I 	40	1.79	1.94	0.41	2.04	0.41	1.94	0.41
F317L	10	0.96	1.26	0.41	1.42	0.41	1.08	0.41
F317R								
F317V	104	2.36	3.12	0.42	2.84	0.42	2.68	0.42
M343T								
M351T	2	0.00	0.04	0.41	0.14	0.41	0.00	0.42
E355A 	3	0.24	-0.24	0.43	-0.87	0.45	-1.25	0.44
E355G								
F359C 	2	0.00	1.24	0.42	0.68	0.41	1.38	0.42
F359I	3	0.24	-0.50	0.42	-0.33	0.42	-1.14	0.42
F359V	2	0.00	-0.87	0.41	0.57	0.42	-0.62	0.41
V379I								
L384M								
L387M								
H396R	2	0.00	-0.76	0.43	-0.09	0.43	-0.06	0.43
F486S								
E459K 	4	0.41	-0.68	0.42	-0.17	0.42	-0.07	0.41

imatinib (INCL L248R)
M244V	287	0.21	0.15	0.41	0.43	0.41	0.17	0.41
L248R	10000	2.33	1.92	0.43	2.52	0.44	2.34	0.43
L248V	586	0.64	-1.04	0.41	-1.02	0.42	-1.20	0.41
G250E	1087	1.01	0.16	0.41	0.02	0.41	0.12	0.41
Q252H								
Y253F	4908	1.90	0.87	0.43	0.65	0.42	1.34	0.44
Y253H								
E255K	2487	1.50	-0.12	0.44	1.95	0.44	-0.55	0.44
E255V	8322	2.22	-0.72	0.42	-0.02	0.42	-0.53	0.43
D276G								
E279K								
E292L								
V299L	295	0.23	0.66	0.41	0.26	0.42	-0.37	0.42
F311L								
T315A	476	0.51	-1.39	0.41	-1.86	0.41	-2.09	0.44
T315I	9773	2.32	4.23	0.43	4.23	0.42	3.14	0.44
T315V								
F317C 	324	0.28	0.27	0.42	-0.18	0.41	0.45	0.42
F317I 	266	0.17	0.59	0.41	0.66	0.41	0.48	0.41
F317L	675	0.72	0.58	0.41	0.53	0.41	0.38	0.41
F317R								
F317V	1023	0.97	0.71	0.42	0.79	0.42	0.80	0.41
M343T								
M351T	404	0.42	1.72	0.41	1.03	0.42	1.20	0.42
E355A 	441	0.47	0.13	0.43	0.08	0.44	0.14	0.43
E355G								
F359C 	728	0.77	0.88	0.42	0.47	0.41	0.33	0.42
F359I	324	0.28	-0.13	0.41	-0.87	0.41	0.08	0.41
F359V	346	0.32	-0.66	0.41	0.02	0.41	-0.27	0.42
V379I								
L384M								
L387M								
H396R	395	0.40	-0.39	0.41	-0.38	0.42	-0.39	0.42
F486S								
E459K 	612	0.66	-0.09	0.43	-0.09	0.42	-0.08	0.42

nilotinib
M244V	12	-0.13	0.15	0.41	-0.21	0.41	0.21	0.41
L248R	549	2.15	2.05	0.43	2.12	0.47	1.93	0.43
L248V	26	0.33	-0.50	0.42	-0.39	0.41	-0.92	0.41
G250E	41	0.60	0.06	0.41	-0.27	0.41	-0.38	0.41
Q252H								
Y253F	179	1.48	1.09	0.43	0.42	0.42	1.16	0.42
Y253H								
E255K	127	1.27	-2.24	0.48	-1.52	0.46	0.33	0.46
E255V	784	2.36	0.31	0.42	-0.25	0.43	-0.55	0.43
D276G								
E279K								
E292L								
V299L	24	0.28	-0.18	0.41	0.21	0.41	0.15	0.41
F311L			-0.04	0.41	0.19	0.41	0.22	0.41
T315A	50	0.72	-1.33	0.41	-1.31	0.41	-1.39	0.41
T315I	8091	3.75	4.29	0.43	5.00	0.42	4.34	0.43
T315V								
F317C 	16	0.04	1.34	0.41	0.88	0.41	0.60	0.41
F317I 	25	0.30	1.24	0.41	1.17	0.41	0.82	0.41
F317L	21	0.20	1.03	0.41	1.07	0.41	1.09	0.41
F317R								
F317V	26	0.33	1.16	0.41	0.68	0.42	1.07	0.42
M343T								
M351T	15	0.00	-0.06	0.41	-0.09	0.42	-0.46	0.42
E355A 	18	0.11	-0.46	0.43	-1.01	0.43	-0.32	0.43
E355G								
F359C 	47	0.68	1.32	0.41	1.44	0.41	1.52	0.41
F359I	64	0.86	1.05	0.41	1.13	0.41	0.74	0.41
F359V	41	0.60	1.00	0.41	1.08	0.41	1.38	0.42
V379I								
L384M								
L387M								
H396R	23	0.25	-0.07	0.42	0.21	0.42	0.03	0.42
F486S								
E459K 	38	0.55	-0.17	0.42	-0.46	0.42	-0.10	0.42

ponatinib
M244V	3	0.00	0.07	0.41	-0.28	0.41	0.12	0.41
L248R	8	0.58	1.40	0.43	0.96	0.43	1.10	0.44
L248V	4	0.17	-1.82	0.42	-1.23	0.42	-1.96	0.42
G250E	0	0.30	-0.32	0.43	-0.25	0.43	-0.71	0.46
Q252H								
Y253F	5	0.30	0.85	0.43	1.32	0.44	0.77	0.43
Y253H								
E255K	6	0.41	-0.27	0.48	-0.66	0.48	0.03	0.47
E255V	16	1.00	1.19	0.43	0.94	0.43	-0.41	0.43
D276G								
E279K								
E292L								
V299L	4	0.17	-0.56	0.41	-0.55	0.41	-1.42	0.41
F311L								
T315A	4	0.17	-2.90	0.41	-3.15	0.41	-2.92	0.41
T315I	6	0.41	0.51	0.42	0.90	0.42	0.91	0.42
T315V								
F317C 	3	0.00	0.44	0.41	0.98	0.42	0.80	0.41
F317I 	7	0.51	-0.76	0.41	-1.03	0.41	-1.02	0.41
F317L	4	0.17	-1.08	0.41	-0.83	0.41	-0.85	0.41
F317R								
F317V	10	0.72	0.05	0.41	-0.21	0.41	0.24	0.42
M343T								
M351T	4	0.17	0.89	0.41	1.66	0.41	0.65	0.41
E355A 	7	0.51	0.12	0.44	-0.52	0.44	-0.55	0.43
E355G								
F359C 	6	0.41	0.25	0.42	-0.35	0.43	0.73	0.42
F359I	11	0.77	-0.66	0.41	-0.38	0.41	0.06	0.41
F359V	4	0.17	0.11	0.41	-0.28	0.41	0.08	0.42
V379I								
L384M								
L387M								
H396R	4	0.17	0.19	0.49	0.10	0.45	-1.41	0.48
F486S								
E459K 	5	0.30	-0.51	0.42	-0.78	0.42	-0.63	0.42

erlotinib...
M244V								
L248R								
L248V								
G250E								
Q252H	61	-0.13	-0.85	0.46	-0.60	0.45	-0.18	0.44
Y253F	76	0.00	-0.08	0.44	-0.01	0.43	-0.37	0.43
Y253H								
E255K	63	-0.11	0.02	0.43	-0.01	0.43	-0.26	0.44
E255V								
D276G								
E279K								
E292L								
V299L								
F311L								
T315A								
T315I	59	-0.15	-0.76	0.47	-1.85	0.45	-2.57	0.43
T315V								
F317C 								
F317I 	1100	1.58	1.04	0.42	1.37	0.42	1.33	0.41
F317L	150	0.40	0.79	0.42	1.36	0.42	1.10	0.41
F317R								
F317V								
M343T								
M351T	66	-0.08	0.02	0.41	0.35	0.41	0.08	0.41
E355A 								
E355G								
F359C 								
F359I								
F359V								
V379I								
L384M								
L387M								
H396R								
F486S								
E459K 								

gefitinib...
M244V								
L248R								
L248V								
G250E								
Q252H	230	-0.44	-0.23	0.43	0.27	0.46	-0.52	0.43
Y253F	360	-0.17	0.22	0.44	-0.61	0.45	-0.02	0.46
Y253H								
E255K	400	-0.11	0.93	0.43	1.45	0.43	1.32	0.43
E255V								
D276G								
E279K								
E292L								
V299L								
F311L								
T315A								
T315I								
T315V								
F317C 								
F317I 	4700	1.35	0.69	0.41	0.11	0.41	0.74	0.42
F317L	780	0.29	0.38	0.41	1.21	0.41	0.61	0.41
F317R								
F317V								
M343T								
M351T	520	0.05	-0.24	0.41	0.26	0.41	0.39	0.41
E355A 								
E355G								
F359C 								
F359I								
F359V								
V379I								
L384M								
L387M								
H396R								
F486S								
E459K 								
